 &NMPCON
 ER      =   6370000.00000000     ,
 GRAV    =   9.80000019073486     ,
 CP      =   1004.59997558594     ,
 RAIR    =   287.040008544922     ,
 EL      =   2500000.00000000     ,
 CPVAP   =   1810.00000000000     ,
 RVAP    =   461.000000000000     ,
 DWATR   =   1000.00000000000     ,
 EPSV    =  0.622646439359917     ,
 ES0     =   611.000000000000     ,
 STB     =  5.669999936230852E-008,
 FKARM   =  0.400000005960464     ,
 EPSVT   =  0.606047889759080     ,
 EMELT   =   340000.000000000     ,
 TMELT   =   273.149993896484     ,
 CPWATR  =   4200.00000000000     ,
 CPICE   =   2000.00000000000     ,
 TFRZS   =   271.350006103516     ,
 TQICE   =   273.149993896484     
 /
